#      l [Ang]          V [Ang^3]      E [Hartree]
#2.981162189270315    18.73448742   -0.2930900843203202
#3.051307182077357    20.08828198   -0.29790067832294365
#3.1214521746523713   21.50577303   -0.30126524223013185
3.191597167616173     22.98842487   -0.3035438088153154
3.261742160155927     24.53770177   -0.3049383380386447
3.3318871528660856    26.15506803   -0.30565349020070015
3.402032145838919     27.84198794   -0.30585607673684845
3.4721771383690783    29.59992577   -0.30560998377684123
3.542322130987648     31.43034582   -0.3049650437734114
3.6124671237847865    33.33471238   -0.3040317274036647
#3.68261211648906     35.31448973   -0.302886537208255
#3.75275710920322     37.37114216   -0.30153076639594323
#3.822902101692894    39.50613395   -0.30003879633632125
#3.893047094379227    41.7209294    -0.29839027121055794
#3.963192087324976    44.0169928    -0.296595620109708
#4.033337080003978    46.39578842   -0.29471169865008107
