#     l [Ang]          V [Ang^3]           E [Hartree]
#3.3658282784479665    26.962544       0.003460984582207867
#3.4450242378614195    28.91091571    -0.014182153395266536
#3.5242201975855725    30.95095898    -0.027183609396923922
#3.6034161567814267    33.08478118    -0.0364829118984763
3.68261211648906       35.31448973    -0.0428469189953208
3.761808075912433      37.642192      -0.04689609894761155
3.841004035341421      40.06999539    -0.04913501631813002
3.9201999950209174     42.6000073     -0.04997114284947653
3.999395954273226      45.2343351     -0.049735203728076764
4.0785919139406825     47.97508621    -0.048692207159213546
4.1577878733769        50.824368      -0.047056592806449055
#4.236983832817274     53.78428787    -0.04500116151020332
#4.316179792463903     56.85695322    -0.04266421531418578
#4.395375751757976     60.04447142    -0.04015566961319548
#4.474571711395562     63.34894989    -0.037561653801167605
#4.553767670841366     66.772496      -0.03495052750323445
