# 118 Og non magnetic
4.9819808311  87.43617663587501  -54364.0087480 
5.0170663591  89.29652081961710  -54364.0087675
5.0516679102  91.15686500335910  -54364.0087786
5.0858018369  93.01720918710112  -54364.0087836
5.1194836254  94.87755337084315  -54364.0087833
5.1527279570  96.73789755458519  -54364.0087780
5.1855487652  98.59824173832722  -54364.0087697 



03.02.2023
4.9819852221   87.43640782713892  -54364.0087478    
5.0170707810   89.296756929844    -54364.0087673  
5.0516723626   91.15710603254905  -54364.0087786    
5.0858063194   93.01745513525414  -54364.0087835    
5.1194881375   94.87780423795923  -54364.0087834    
5.1527324985   96.73815334066433  -54364.0087779    
5.1855533356   98.5985024433694   -54364.0087697   
