#      l [Ang]         V [Ang^3]        E [Hartree]
#5.036368049021511    90.33111738   -0.022978036075523574
#5.062530999859678    91.74620074   -0.02308284735651809
#5.088693950822074    93.17598614   -0.023169546364996962
#5.114856901733726    94.62054955   -0.023238699775557828
5.141019852605089     96.07996695   -0.023291390958313427
5.16718280344621      97.55431432   -0.02332825163416735
5.1933457544415305    99.04366765   -0.023350189143963657
5.219508705249012    100.5481029    -0.023357937004237314
5.2456716562254435   102.06769607   -0.023352261070929598
5.271834607204681    103.60252313   -0.02333378792003855
5.2979975580270855   105.15266005   -0.023303120975487205
#5.324160508871873   106.71818282   -0.023260966191816456
#5.350323459911309   108.29916743   -0.023207736631443775
#5.376486410821731   109.89568984   -0.023144151478667205
#5.4026493616149365  111.50782603   -0.02307081342242327
#5.428812312622198   113.135652     -0.022987998450145708
