#    l [Ang]           V [Ang^3]       E [Hartree]
#2.8022581222989844   15.55999353   -0.21023749616826726
#2.8681936071199874   16.68439229   -0.23860860819887753
#2.934129092274131    17.8616944    -0.260405605479559
#3.000064577779862    19.09311603   -0.27672018588767205
#3.0660000631491626   20.37987334   -0.28842222065511663
3.1319355484540563    21.7231825    -0.2963184261956165
3.1978710332945344    23.12425967   -0.3010918364958158
3.263806518662496     24.58432104   -0.30327471408504836
3.32974200412091      26.10458277   -0.30330042428059006
3.395677489297586     27.68626102   -0.3015273997902435
3.4616129742695194    29.33057196   -0.2982439511990332
3.5275484594823117    31.03873177   -0.2937005387567966
#3.5934839449525238   32.81195662   -0.28811542368944404
#3.659419429989372    34.65146266   -0.28167670153913293
#3.72535491535673     36.55846608   -0.2745441653550655
#3.7912904004028563   38.53418303   -0.2668591273181944
