#    l [Ang]           V [Ang^3]       E [Hartree]
#2.6538239038298723   13.21603886   -0.2020561360748082
#2.716266818832511    14.17105839   -0.23523070979896868
#2.7787097342279834   15.17101192   -0.2607906469039094
#2.841152649651854    16.21693241   -0.27982164777708585
#2.9035955653586742   17.30985283   -0.2935291704050806
2.966038480488728     18.45080613   -0.30283895050679716
3.0284813958631376    19.64082529   -0.3085793358838752
3.090924311187641     20.88094327   -0.31138712435920923
3.153367226687056     22.17219304   -0.311812528670124
3.2158101420959984    23.51560756   -0.3103166510547325
3.278253057627019     24.9122198    -0.3072182114298394
3.3406959730391654    26.36306272   -0.3028123065108972
#3.403138888533074    27.86916929   -0.29735909616468875
#3.465581803888683    29.43157247   -0.2910880593487023
#3.528024719295236    31.05130523   -0.2841662316691893
#3.5904676345507087   32.72940053   -0.276744417657853
