#    l [Ang]           V [Ang^3]        E [Hartree] 
#2.498381233846508    11.02709534   -0.19346054750778116
#2.5571666742413144   11.82393708   -0.2283183303710155
#2.6159521149982368   12.6582705    -0.253449030945389
#2.6747375562298648   13.53095748   -0.2711995916109207
#2.7335229967658528   14.44285988   -0.28335389995854476
2.7923084374421623    15.39483959   -0.29115180987344313
2.8510938783819086    16.38775849   -0.29579001573057073
2.909879319131097     17.42247845   -0.2979755583808812
2.9686647598405984    18.49986135   -0.29838508477826453
3.0274502006389374    19.62076907   -0.29750995949531245
3.086235641635412     20.78606349   -0.29567523950250135
3.145021082446168     21.99660648   -0.29315220574746614
#3.2038065232016386   23.25325992   -0.29013345960715137
#3.2625919640143515   24.55688569   -0.28673568570209423
#3.321377404553924    25.90834566   -0.28307525150615404
#3.3801628453605135   27.30850172   -0.2792259415798782
