2.98475675      18.802336990811433    -32933.5187754 
3.00577686      19.202386714020186    -32933.5190210 
3.02650701      19.60243643722893     -32933.5191312
3.04695700      20.002486160437694    -32933.5191372
3.06713611      20.40253588364645     -32933.5190442
3.08705314      20.80258560685521     -32933.5188647 
3.10671643      21.20263533006394     -32933.5186100


02.03.2023


 2.9847591574  18.802382451431708    -32933.5199897
 3.0057792806  19.2024331418877      -32933.5202480
 3.0265094479  19.602483832343694    -32933.5203712
 3.0469594564  20.00253452279968     -32933.5203890
 3.0671385840  20.402585213255684    -32933.5203061
 3.0870556264  20.802635903711664    -32933.5201366
 3.1067189312  21.202686594167666    -32933.5198913